100
0.9762700785464951 1.778165367962301
4.30378732744839 -2.2999202680783517
2.055267521432878 2.3519402212259486
0.8976636599379368 4.621885451174382
-1.5269040132219054 -2.51246856480042
2.917882261333123 0.7615733441783687
-1.2482557747461502 0.9204193127183906
7.835460015641594 0.7225190579087339
9.273255210020587 -2.769183673593817
-2.3311696234844455 4.527490115169851
5.834500761653292 -0.5287462138237267
0.5778983950580887 3.4640867247112777
1.3608912218786458 1.9947927531750427
8.51193276585322 -2.0256304914486636
-8.579278836042262 3.137978197024772
-8.257414005969185 -1.0349425915301538
-9.595632051193485 3.811031971111616
6.65239691095876 0.8127287263585874
5.563135018997009 3.8173536185485286
7.400242964936382 1.925315900777659
9.572366844655281 2.252542798196405
5.983171284334471 0.013243819267022339
-0.7704127549413631 4.5608363472322395
5.610583525729108 1.4399019922963738
-7.634511482621336 -0.761449514418203
2.798420426550477 1.0639321412792437
-7.132934251819072 -4.808068016906665
8.893378340991678 -1.9842518332545067
0.43696643500143395 1.6017353749268501
-1.7067612001895291 -2.0992239278955593
-4.70888775790746 1.1801542899884154
5.484673788684333 -0.7123129905423387
-0.876993355669029 -3.6452593577754975
1.3686789773729693 -2.0171767404396923
-9.624203991272896 0.6996491070126485
2.352709941517542 0.9087276124817318
2.2419144544484286 0.7432524884957878
2.3386799374951384 1.5320081985713365
8.874961570292484 1.5210327000168888
3.636405982069668 -0.6858156456602602
-2.80984198852428 3.965465958510631
-1.259360924013171 -1.3243812995210344
3.9526239185452976 -0.6413507473437319
-8.795490567414603 3.9192335501567204
3.335334308913353 3.0619398904608577
3.412757392363188 2.038885835403663
-5.792348778523182 -3.997731126876989
-7.421474046902934 4.194826137446736
-3.691432981516323 2.1424129954911137
-2.725784581147548 4.988470065678666
1.4039354083575937 -3.5055169534200625
-1.2279697307535926 3.6812605736821418
9.767476761184525 -3.3750706532362518
-7.959103785039439 1.155595642838442
-5.822464878103306 -3.761800171505585
-6.773809642300074 3.4800822932223436
3.0621665093079677 3.0731895872501074
-4.934167949204358 0.6910073861459329
-0.6737845428738751 -0.9281670277400034
-5.111488159967945 -4.30833004544862
-6.820608327089605 1.9742877314456369
-7.792497176713898 -0.46457317321931146
3.1265917893054684 2.2205559947034796
-7.236340973027724 3.6638232592862927
-6.06835276639893 4.755215050028859
-2.6254965867807183 3.55803342392611
6.419864596958703 -4.88285915814998
-8.057974484138775 -1.400219355216361
6.758898149976076 2.29990562424058
-8.078031842120739 -3.283703227385595
9.529189300267916 0.2103660620412926
-0.6269759670459685 -4.456620116607464
9.535221763806742 -3.000034751035999
2.0969103949009202 -4.81478205539386
4.785271587966033 2.9369770335742063
-9.216244154913586 -2.760753119396199
-4.343860748471808 -1.5464831930309728
-7.596068775736622 4.280812934655909
-4.077196049557101 2.0441440192353273
-7.625445620915119 -4.681610704686921
-3.6403364121204795 -3.3530584350208725
-1.7147401097066002 1.214784014997635
-8.717050073024312 0.7722858860416757
3.849442387400398 -2.6210717862549138
1.3320290841315021 4.342139979247937
-4.692210181211092 1.13965955965896
0.4649610693339934 0.3563280302495828
-8.121189784831166 0.8990997635457099
1.5189299111235854 2.3012202951676963
8.585923951524283 -1.8805500452039814
-3.628620950973527 -1.0177893778390814
3.3482075992736338 -2.9015625102487785
-7.364042751912157 -3.1380699411966386
4.32654408237131 4.443723899839336
-4.211878141055978 2.395507950492876
-6.336172759857663 -0.09541191382432945
1.7302586962016626 -2.725853720266768
-9.597849076250128 -2.4564351822960706
6.578800584347263 -4.419708396761244
-9.906090476149059 -0.6558337444187927
