256
0.9762700785464951 0.5219246992240656
4.30378732744839 0.8447606895576882
2.055267521432878 4.61936378547229
0.8976636599379368 -2.0785247320745115
-1.5269040132219054 -2.5917122008455316
2.917882261333123 -3.997060577345022
-1.2482557747461502 -4.835703704085258
7.835460015641594 4.295293167921905
9.273255210020587 1.6991654659091004
-2.3311696234844455 2.851529120231378
5.834500761653292 -2.182698942460509
0.5778983950580887 0.8641016618632671
1.3608912218786458 -4.3604473387901885
8.51193276585322 -0.14372404065377076
-8.579278836042262 4.774951397444468
-8.257414005969185 3.7650524531659073
-9.595632051193485 -1.6184104816315434
6.65239691095876 4.615701545414986
5.563135018997009 -2.682983735287955
7.400242964936382 4.493188224156814
9.572366844655281 4.413777047064986
5.983171284334471 2.992025873523917
-0.7704127549413631 1.304479368667911
5.610583525729108 3.74287966624947
-7.634511482621336 -2.069797154922033
2.798420426550477 3.489435553129182
-7.132934251819072 1.1787669191752386
8.893378340991678 -4.867631422411005
0.43696643500143395 -1.5276648206778045
-1.7067612001895291 -3.51859139051835
-4.70888775790746 4.818293898182532
5.484673788684333 -0.21629692960011937
-0.876993355669029 -0.026086345013372814
1.3686789773729693 1.3947251639872356
-9.624203991272896 -1.314153938703825
2.352709941517542 -3.6309972831440107
2.2419144544484286 3.221177331942455
2.3386799374951384 -3.10152088097242
8.874961570292484 0.11318982546456002
3.636405982069668 -2.7568297102526076
-2.80984198852428 -4.0215551550596595
-1.259360924013171 3.6219151742168325
3.9526239185452976 4.7291948902313035
-8.795490567414603 4.608346580630002
3.335334308913353 4.065554992211789
3.412757392363188 2.740473326986388
-5.792348778523182 -1.6685484797135808
-7.421474046902934 -4.188986100120032
-3.691432981516323 -0.9275882858619262
-2.725784581147548 -2.677658578290573
1.4039354083575937 -3.6751236524201705
-1.2279697307535926 -4.465728182131747
9.767476761184525 2.2559436421057875
-7.959103785039439 -4.8857254137496895
-5.822464878103306 2.705807485027762
-6.773809642300074 -3.5305335459962492
3.0621665093079677 -4.204779174132442
-4.934167949204358 -4.103969657613947
-0.6737845428738751 1.7204780735391445
-5.111488159967945 -2.5463279014715523
-6.820608327089605 -0.7946053331990157
-7.792497176713898 0.5736879132391692
3.1265917893054684 3.6055117382879374
-7.236340973027724 2.270442627113283
-6.06835276639893 -2.2967209476128536
-2.6254965867807183 -3.685172007088724
6.419864596958703 -4.44625679578802
-8.057974484138775 -1.9840136551905752
6.758898149976076 -2.3788185076032176
-8.078031842120739 -0.43859433199520304
9.529189300267916 1.8328133554768042
-0.6269759670459685 1.9562544563885718
9.535221763806742 -2.164811534178334
2.0969103949009202 -1.200730440998795
4.785271587966033 -3.1884903826309694
-9.216244154913586 2.885455123065187
-4.343860748471808 -4.431519235667597
-7.596068775736622 1.9699724172498732
-4.077196049557101 2.7869539594110337
-7.625445620915119 2.7740756184875313
-3.6403364121204795 -2.4057743565464507
-1.7147401097066002 -1.2618686206743854
-8.717050073024312 0.8759963519638898
3.849442387400398 -2.2717809757553296
1.3320290841315021 -1.2914720078211128
-4.692210181211092 -3.0294571981436036
0.4649610693339934 -0.40144116243992656
-8.121189784831166 -4.553876987458859
1.5189299111235854 2.9979588457061803
8.585923951524283 -4.230435530133673
-3.628620950973527 0.18835148831526016
3.3482075992736338 -1.9318990045480389
-7.364042751912157 0.7754294883137547
4.32654408237131 4.594333408334251
-4.211878141055978 1.455702444560039
-6.336172759857663 -4.646375642445091
1.7302586962016626 -0.6959756049193881
-9.597849076250128 0.1001685231825018
6.578800584347263 0.36177494703451973
-9.906090476149059 1.8139251060383792
3.556330735924602 -2.224039022682339
-4.599840536156703 -3.711394345336798
4.703880442451897 -1.0732432345290563
9.243770902348764 4.564057227959488
-5.02493712960084 -3.1286910824915526
1.5231466883567375 4.0398395492823695
1.8408386254367812 0.4380595007732637
1.4450381158174679 -0.4308857835423421
-5.538367347187634 3.820414102298896
9.054980230339702 -0.41396038231414156
-1.0574924276474533 2.241676366115433
6.928173449422555 -1.0097467829689801
3.9895855063500854 4.040443929009577
-4.051260982897327 1.9002502019122733
6.275956394049544 1.9962205425051671
-2.0698851830603076 -1.722795984428811
7.622063942223232 2.567786427368892
1.6254574527171748 1.360610554471413
7.634707237097057 -2.5997972662029047
3.850631801555318 -3.394611775147436
4.50508559639281 2.9639147451733177
0.026487638534044677 4.591666030352226
9.121672694464479 -0.418611727399572
2.8798039845927477 0.9098416532368496
-1.522899028836406 3.5772264419355455
2.1278642825584875 -0.42776546646142943
-9.61613603381333 4.5187447683273625
-3.9685036665090134 0.7575116204487244
3.2034707498537003 3.2076712070131492
-4.198447855791119 4.088437184127384
2.360308579976831 3.155238187685688
-1.4246259810846773 -3.4058553655104404
-7.290518715550995 1.2889843906170038
-4.034353480879385 -1.015657413803229
1.399298214025297 -4.372870479766543
1.8174552249634637 -0.7596774811015807
1.4865049769915757 -2.413159331105923
3.064016397142673 3.4903830842851082
3.0420654000337777 -4.666953734533038
-1.3716312913205204 4.589827218634735
7.930931917021262 -1.446311515280704
-2.648762599042069 -1.4329310959745714
-1.2827014946874638 -4.8367149731629215
7.838467100313441 -3.147676747638161
6.123879780921715 -0.9874049919639125
4.077771670807326 4.292914173027139
-7.995462253753978 -4.0038506977872865
8.389652274893471 4.453015334790795
4.2848259909822275 3.6948853054663218
9.976940131357331 -0.458376030924482
-7.011033906840125 -1.7329911823173996
7.3625211473642835 -2.6725587072094315
-6.7501413064725035 1.1446470647687432
2.311191285676884 -4.669254085244944
-7.52360034301117 -4.843939355531718
6.960164586444687 -0.7120427750176219
6.146379174500215 -4.319259260252798
1.3820147722918659 -2.480590117539071
-1.8563340554800067 -2.7883908465391616
-8.61666009089724 -2.4680880627714807
3.9485754628912737 -3.6894476878474225
-0.9291463464386229 -4.879637771023457
4.441111989406959 -3.845157028612519
7.327646518572585 1.1848025951274792
9.510430100057718 4.742562128180502
7.11606684785222 4.903450015608939
-9.76571831629996 -0.9094590462693839
-2.800438710432722 -3.3704557395339463
4.59981124848116 1.3876175736652927
-6.56740645477119 -0.0969465345126288
0.4207321240825852 4.894097772844315
-8.913240233214928 -4.3469579284821975
-6.000069502071998 2.832344383138131
-9.62956411078772 -2.116015026685061
5.8739540671484125 -2.58581379923426
-5.521506238792398 1.6250457153267597
-3.0929663860619456 -2.5393681500903553
8.561625869311818 1.6585911755918765
4.088288038470655 0.17308517202288787
-9.363221409373843 -0.7591101156415068
-6.706116870041745 0.54687808661419
2.42956802999527 -2.1294848008037026
1.5445717720833514 2.0657470627297894
-5.2421435725098275 -0.8514313066643595
8.684279958495875 -1.3945443951410774
2.27931911931792 3.286569145557378
0.7126560604991656 4.249669119531921
1.7981995270914197 -4.539926891127031
4.602440590335393 -2.673730071702345
-3.761100090407963 -1.5148063050743676
-2.035578755678163 3.149664793702474
-5.803125020497557 4.854914276432975
-6.276139882393277 4.689717046703517
8.887447799678672 4.049483455499269
4.791015900985752 -2.034437349359701
-0.1908238276486589 4.920112434144741
-5.451707440533536 -2.5057995894354876
-4.912870364592141 -3.940938451177678
-8.839416793522489 4.50952611055394
-1.3116674888375854 -2.665797445319037
-3.764082360117948 1.8976826507775044
3.9268697763091893 -4.416436410194113
-2.4449632141503823 2.3070909912747615
-6.407926448807304 3.8172021233383973
-9.506425432173376 -2.2756310453403747
-8.655007370735028 -1.2094310392257146
3.5878554699713465 -1.2570381667908395
-0.9260631088790934 2.487882575401331
0.731584222174444 -2.621927574609612
7.933425860806842 -3.28146900952357
9.806778947934088 -0.5070835131226197
-5.662060312030521 -1.9553159262268052
3.261564062002016 3.3918912225865245
-4.733552465256987 -2.6225817398436124
-9.586980010685426 0.023894574892614706
5.167573076722828 4.425835996979304
-3.599656983550643 1.3399769774466073
-2.3307221165620406 3.6728940546246474
1.766342271072114 4.402096893547673
6.620969104723809 2.507648618863519
2.5796368718229736 1.9957506022475133
7.453013108947907 4.679655666042271
-4.529159303687285 4.944007896476794
5.960936678251274 -0.4817831733024036
-6.287281113880956 -4.291302218157917
9.055833139438892 -2.0720596855948115
3.7497655277563062 -3.4764529431226956
-5.689846457728831 -0.825136252039882
8.947411809778487 -3.68710671526744
4.6171161354031565 1.0411780402088198
-4.921167148099483 -1.1719194084214593
-5.73376045265036 3.9538588428821004
0.36401427861326496 4.677946717985019
-9.486745638909369 0.46884901669422163
-5.850598491177812 -2.251764301324034
-1.5062906249698749 0.9223041876183675
-2.516600393315489 3.967611582244098
-0.728491512703787 -0.9326665416425168
-4.447425874105361 0.5207827669197087
1.735686929163375 -2.2834723239385415
7.277112118464629 -0.4455585054997302
-7.649362880759338 -0.982864646204014
0.34758214308228297 -2.51586534917029
-7.358637873096933 0.058663838253083966
4.337193623851874 -1.8961917402018855
-2.0788059438541246 -1.2696513611925253
1.3084262371701794 0.24970442254264213
-6.334403275718428 2.5059502292898745
-7.103044813132455 -1.6649253420872467
-0.23887438702090869 4.241587666207636
-2.8877452430008876 3.623185468359024
8.80863890505626 -4.513097040244714
5.306505076139306 -2.4635747574317723
4.9732723970109465 -0.5386448734079803
8.074394794918668 -3.953721112575259
-8.331551291159629 -1.5152401096650294
